
888       888 d8b 888      888 8888888888 888               8888888888       888 888
888   o   888 Y8P 888      888 888        888               888              888 888
888  d8b  888     888      888 888        888               888              888 888
888 d888b 888 888 888  .d88888 8888888    888 888  888      8888888 888  888 888 888
888d88888b888 888 888 d88" 888 888        888 888  888      888     888  888 888 888
88888P Y88888 888 888 888  888 888        888 888  888      888     888  888 888 888
8888P   Y8888 888 888 Y88b 888 888        888 Y88b 888      888     Y88b 888 888 888
888P     Y888 888 888  "Y88888 888        888  "Y88888      888      "Y88888 888 888
                                                   888
                                              Y8b d88P
                                               "Y88P"
